[gd_scene load_steps=17 format=3 uid="uid://bqqgyqafm7xwp"]

[ext_resource type="Environment" uid="uid://bqnqgflivjvue" path="res://scenes/main-environment.tres" id="1_ahusb"]
[ext_resource type="Script" uid="uid://djpme521r3cxe" path="res://scripts/main.gd" id="1_jkv2x"]
[ext_resource type="PackedScene" uid="uid://dl2ed4gkybggf" path="res://objects/player.tscn" id="2_onms2"]
[ext_resource type="Script" uid="uid://bcg2kkbsnttec" path="res://scripts/view.gd" id="5_bg0fr"]
[ext_resource type="PackedScene" uid="uid://cnymdajj1vsqm" path="res://objects/platform.tscn" id="6_sdmev"]
[ext_resource type="PackedScene" uid="uid://rjh4ifidqrfp" path="res://objects/platform_medium.tscn" id="7_ixpj3"]
[ext_resource type="PackedScene" uid="uid://uqr4hswv6d2g" path="res://objects/platform_grass_large_round.tscn" id="8_4oh1e"]
[ext_resource type="PackedScene" uid="uid://c8up71en5djgm" path="res://objects/platform_falling.tscn" id="9_2fnpo"]
[ext_resource type="PackedScene" uid="uid://dtjvjdjl8cs6e" path="res://models/flag.glb" id="9_fw1f5"]
[ext_resource type="PackedScene" uid="uid://dfpisimsgf5ce" path="res://objects/coin.tscn" id="10_fwhys"]
[ext_resource type="Script" uid="uid://bap462su1xjtx" path="res://scripts/hud.gd" id="11_apvpm"]
[ext_resource type="PackedScene" uid="uid://85ldumyetgou" path="res://objects/brick.tscn" id="12_jkv2x"]
[ext_resource type="PackedScene" uid="uid://dy017k58p20sk" path="res://objects/cloud.tscn" id="13_drtpy"]
[ext_resource type="Texture2D" uid="uid://cd7oyc56ehkx1" path="res://sprites/coin.png" id="13_jfda3"]
[ext_resource type="FontFile" uid="uid://d0cxd77jybrcn" path="res://fonts/lilita_one_regular.ttf" id="17_tk810"]

[sub_resource type="LabelSettings" id="LabelSettings_38ys3"]
font = ExtResource("17_tk810")
font_size = 48
shadow_color = Color(0, 0, 0, 0.376471)
shadow_offset = Vector2(2, 2)

[node name="Main" type="Node3D"]
script = ExtResource("1_jkv2x")

[node name="Environment" type="WorldEnvironment" parent="."]
environment = ExtResource("1_ahusb")

[node name="Player" parent="." node_paths=PackedStringArray("view") groups=["player"] instance=ExtResource("2_onms2")]
transform = Transform3D(0.999963, 0.00854333, 0.00128397, -0.00863927, 0.988857, 0.148615, 0, -0.148621, 0.988894, -5.64367, 1.20914, 10.0981)
view = NodePath("../View")

[node name="View" type="Node3D" parent="." node_paths=PackedStringArray("target")]
transform = Transform3D(0.707107, -0.298836, 0.640856, 0, 0.906308, 0.422618, -0.707107, -0.298836, 0.640856, 0, 0, 0)
script = ExtResource("5_bg0fr")
target = NodePath("../Player")

[node name="Camera" type="Camera3D" parent="View"]
transform = Transform3D(1, 0, 0, 0, 1, 0, 0, 0, 1, 0, 0, 10)
current = true
fov = 40.0

[node name="World" type="Node3D" parent="."]

[node name="platform" parent="World" instance=ExtResource("6_sdmev")]
transform = Transform3D(0.993085, 0, -0.117399, 0, 1, 0, 0.117399, 0, 0.993085, 1.63252, 0, 0)

[node name="platform4" parent="World" instance=ExtResource("6_sdmev")]
transform = Transform3D(0.993085, 0, -0.117399, 0, 1, 0, 0.117399, 0, 0.993085, -15, 0, 4)

[node name="platform5" parent="World" instance=ExtResource("6_sdmev")]
transform = Transform3D(0.993085, 0, -0.117399, 0, 1, 0, 0.117399, 0, 0.993085, -21.9251, 0.34661, -2.68363)

[node name="platform6" parent="World" instance=ExtResource("6_sdmev")]
transform = Transform3D(0.977944, 0, 0.208867, 0, 1, 0, -0.208867, 0, 0.977944, -22.0759, 1.51326, -4.76548)

[node name="platform2" parent="World" instance=ExtResource("6_sdmev")]
transform = Transform3D(1, 0, 0, 0, 1, 0, 0, 0, 1, -3, 2, -3)

[node name="platform3" parent="World" instance=ExtResource("6_sdmev")]
transform = Transform3D(0.966237, 0, -0.257656, 0, 1, 0, 0.257656, 0, 0.966237, -3, 3, -5)

[node name="platform7" parent="World" instance=ExtResource("6_sdmev")]
transform = Transform3D(0.966237, 0, -0.257656, 0, 1, 0, 0.257656, 0, 0.966237, -8.45109, 5.34229, -9.23244)

[node name="platform10" parent="World" instance=ExtResource("6_sdmev")]
transform = Transform3D(0.966237, 0, -0.257656, 0, 1, 0, 0.257656, 0, 0.966237, -8.45109, 7.15862, -11.499)

[node name="platform8" parent="World" instance=ExtResource("6_sdmev")]
transform = Transform3D(0.966237, 0, -0.257656, 0, 1, 0, 0.257656, 0, 0.966237, -15.7507, 5.1589, -9.23244)

[node name="platform9" parent="World" instance=ExtResource("6_sdmev")]
transform = Transform3D(0.966237, 0, -0.257656, 0, 1, 0, 0.257656, 0, 0.966237, -22.2843, 8.01934, -9.23244)

[node name="platform-medium" parent="World" instance=ExtResource("7_ixpj3")]
transform = Transform3D(0.996134, 0, 0.0878512, 0, 1, 0, -0.0878512, 0, 0.996134, -3, 0, 0)

[node name="platform-medium5" parent="World" instance=ExtResource("7_ixpj3")]
transform = Transform3D(0.996134, 0, 0.0878512, 0, 1, 0, -0.0878512, 0, 0.996134, -3, 8.68133, -14.3286)

[node name="platform-medium6" parent="World" instance=ExtResource("7_ixpj3")]
transform = Transform3D(0.992365, 0, -0.123342, 0, 1, 0, 0.123342, 0, 0.992365, -12.5723, 8.73667, -14.3286)

[node name="platform-medium2" parent="World" instance=ExtResource("7_ixpj3")]
transform = Transform3D(0.995121, 0, 0.0986598, 0, 1, 0, -0.0986598, 0, 0.995121, -5, 0, 4)

[node name="platform-medium7" parent="World" instance=ExtResource("7_ixpj3")]
transform = Transform3D(0.995121, 0, 0.0986598, 0, 1, 0, -0.0986598, 0, 0.995121, -5.81685, 0, 10.5073)

[node name="platform-medium4" parent="World" instance=ExtResource("7_ixpj3")]
transform = Transform3D(0.929796, 0, -0.368076, 0, 1, 0, 0.368076, 0, 0.929796, -14.9422, 0.991941, 0.128304)

[node name="platform-medium3" parent="World" instance=ExtResource("7_ixpj3")]
transform = Transform3D(1, 0, 0, 0, 1, 0, 0, 0, 1, -19.7391, 12.8979, -30.0785)

[node name="platform-falling" parent="World" instance=ExtResource("9_2fnpo")]
transform = Transform3D(0.984808, 0, 0.173648, 0, 1, 0, -0.173648, 0, 0.984808, -9, 1.58326, 4)

[node name="platform-falling2" parent="World" instance=ExtResource("9_2fnpo")]
transform = Transform3D(0.994522, 0, -0.104528, 0, 1, 0, 0.104528, 0, 0.994522, -12, -0.315063, 4)

[node name="platform-falling3" parent="World" instance=ExtResource("9_2fnpo")]
transform = Transform3D(0.939693, 0, 0.34202, 0, 1, 0, -0.34202, 0, 0.939693, -11.7527, 1.8303, -2.30579)

[node name="platform-falling4" parent="World" instance=ExtResource("9_2fnpo")]
transform = Transform3D(0.939693, 0, 0.34202, 0, 1, 0, -0.34202, 0, 0.939693, -19.5676, 6.31808, -11.3733)

[node name="platform-falling6" parent="World" instance=ExtResource("9_2fnpo")]
transform = Transform3D(0.939693, 0, 0.34202, 0, 1, 0, -0.34202, 0, 0.939693, -14.3527, 8.5312, -18.4644)

[node name="platform-falling7" parent="World" instance=ExtResource("9_2fnpo")]
transform = Transform3D(0.939693, 0, 0.34202, 0, 1, 0, -0.34202, 0, 0.939693, -17.4946, 9.38997, -17.166)

[node name="platform-falling8" parent="World" instance=ExtResource("9_2fnpo")]
transform = Transform3D(0.939693, 0, 0.34202, 0, 1, 0, -0.34202, 0, 0.939693, -17.4946, 10.3421, -21.0448)

[node name="platform-falling9" parent="World" instance=ExtResource("9_2fnpo")]
transform = Transform3D(0.939693, 0, 0.34202, 0, 1, 0, -0.34202, 0, 0.939693, -17.4946, 12.1222, -23.7893)

[node name="platform-falling10" parent="World" instance=ExtResource("9_2fnpo")]
transform = Transform3D(0.939693, 0, 0.34202, 0, 1, 0, -0.34202, 0, 0.939693, -17.4946, 10.6573, -26.341)

[node name="platform-falling11" parent="World" instance=ExtResource("9_2fnpo")]
transform = Transform3D(0.939693, 0, 0.34202, 0, 1, 0, -0.34202, 0, 0.939693, -17.4946, 12.2301, -28.1345)

[node name="platform-falling5" parent="World" instance=ExtResource("9_2fnpo")]
transform = Transform3D(0.939693, 0, 0.34202, 0, 1, 0, -0.34202, 0, 0.939693, -5.49211, 7.3863, -11.3733)

[node name="platform-grass-large-round" parent="World" instance=ExtResource("8_4oh1e")]
transform = Transform3D(1, 0, 0, 0, 1, 0, 0, 0, 1, -7, 1, -2)

[node name="platform-grass-large-round2" parent="World" instance=ExtResource("8_4oh1e")]
transform = Transform3D(1, 0, 0, 0, 1, 0, 0, 0, 1, -19.3105, 1, 2.83196)

[node name="platform-grass-large-round3" parent="World" instance=ExtResource("8_4oh1e")]
transform = Transform3D(1, 0, 0, 0, 1, 0, 0, 0, 1, -11.3552, 3.59183, -6.27582)

[node name="flag" parent="World" instance=ExtResource("9_fw1f5")]
transform = Transform3D(0.707107, 0, -0.707107, 0, 1, 0, 0.707107, 0, 0.707107, -20.0026, 13.1786, -30.6824)

[node name="coin" parent="World" instance=ExtResource("10_fwhys")]
transform = Transform3D(1, 0, 0, 0, 1, 0, 0, 0, 1, -3, 0.635, 0)

[node name="coin10" parent="World" instance=ExtResource("10_fwhys")]
transform = Transform3D(1, 0, 0, 0, 1, 0, 0, 0, 1, -5, 0.635, 4)

[node name="coin2" parent="World" instance=ExtResource("10_fwhys")]
transform = Transform3D(1, 0, 0, 0, 1, 0, 0, 0, 1, -7.0437, 1.97005, -0.33003)

[node name="coin3" parent="World" instance=ExtResource("10_fwhys")]
transform = Transform3D(1, 0, 0, 0, 1, 0, 0, 0, 1, -7.0437, 1.97005, -1.33003)

[node name="coin5" parent="World" instance=ExtResource("10_fwhys")]
transform = Transform3D(1, 0, 0, 0, 1, 0, 0, 0, 1, -11.7731, 2.54941, -2.28223)

[node name="coin6" parent="World" instance=ExtResource("10_fwhys")]
transform = Transform3D(1, 0, 0, 0, 1, 0, 0, 0, 1, -14.8111, 1.6888, 0.328574)

[node name="coin7" parent="World" instance=ExtResource("10_fwhys")]
transform = Transform3D(1, 0, 0, 0, 1, 0, 0, 0, 1, -14.8111, 2.6888, 0.328574)

[node name="coin8" parent="World" instance=ExtResource("10_fwhys")]
transform = Transform3D(1, 0, 0, 0, 1, 0, 0, 0, 1, -14.9647, 0.801836, 3.99354)

[node name="coin4" parent="World" instance=ExtResource("10_fwhys")]
transform = Transform3D(1, 0, 0, 0, 1, 0, 0, 0, 1, -7.0437, 1.97005, -2.33003)

[node name="coin11" parent="World" instance=ExtResource("10_fwhys")]
transform = Transform3D(1, 0, 0, 0, 1, 0, 0, 0, 1, -6.70933, 5.33928, -2.00422)

[node name="coin12" parent="World" instance=ExtResource("10_fwhys")]
transform = Transform3D(1, 0, 0, 0, 1, 0, 0, 0, 1, -18.979, 1.77544, 2.8622)

[node name="coin13" parent="World" instance=ExtResource("10_fwhys")]
transform = Transform3D(1, 0, 0, 0, 1, 0, 0, 0, 1, -22.1174, 2.56071, -4.757)

[node name="coin14" parent="World" instance=ExtResource("10_fwhys")]
transform = Transform3D(1, 0, 0, 0, 1, 0, 0, 0, 1, -22.1174, 3.32059, -4.757)

[node name="coin15" parent="World" instance=ExtResource("10_fwhys")]
transform = Transform3D(1, 0, 0, 0, 1, 0, 0, 0, 1, -12.043, 5.01773, -6.22192)

[node name="coin17" parent="World" instance=ExtResource("10_fwhys")]
transform = Transform3D(1, 0, 0, 0, 1, 0, 0, 0, 1, -21.7494, 8.38616, -9.28861)

[node name="coin18" parent="World" instance=ExtResource("10_fwhys")]
transform = Transform3D(1, 0, 0, 0, 1, 0, 0, 0, 1, -22.508, 8.38616, -9.93362)

[node name="coin19" parent="World" instance=ExtResource("10_fwhys")]
transform = Transform3D(1, 0, 0, 0, 1, 0, 0, 0, 1, -22.8549, 8.38616, -8.91368)

[node name="coin20" parent="World" instance=ExtResource("10_fwhys")]
transform = Transform3D(1, 0, 0, 0, 1, 0, 0, 0, 1, -22.1107, 8.54641, -9.23058)

[node name="coin21" parent="World" instance=ExtResource("10_fwhys")]
transform = Transform3D(1, 0, 0, 0, 1, 0, 0, 0, 1, -2.44628, 9.34784, -13.8307)

[node name="coin22" parent="World" instance=ExtResource("10_fwhys")]
transform = Transform3D(1, 0, 0, 0, 1, 0, 0, 0, 1, -3.20491, 9.34784, -14.4758)

[node name="coin25" parent="World" instance=ExtResource("10_fwhys")]
transform = Transform3D(1, 0, 0, 0, 1, 0, 0, 0, 1, -2.28289, 9.34784, -14.4758)

[node name="coin23" parent="World" instance=ExtResource("10_fwhys")]
transform = Transform3D(1, 0, 0, 0, 1, 0, 0, 0, 1, -3.55174, 9.34784, -13.4558)

[node name="coin26" parent="World" instance=ExtResource("10_fwhys")]
transform = Transform3D(1, 0, 0, 0, 1, 0, 0, 0, 1, -17.4694, 9.76821, -16.9321)

[node name="coin27" parent="World" instance=ExtResource("10_fwhys")]
transform = Transform3D(1, 0, 0, 0, 1, 0, 0, 0, 1, -14.2836, 9.24093, -18.8428)

[node name="coin28" parent="World" instance=ExtResource("10_fwhys")]
transform = Transform3D(1, 0, 0, 0, 1, 0, 0, 0, 1, -17.2964, 10.9502, -21.4579)

[node name="coin29" parent="World" instance=ExtResource("10_fwhys")]
transform = Transform3D(1, 0, 0, 0, 1, 0, 0, 0, 1, -17.2964, 12.9399, -23.8944)

[node name="coin30" parent="World" instance=ExtResource("10_fwhys")]
transform = Transform3D(1, 0, 0, 0, 1, 0, 0, 0, 1, -17.2964, 11.4057, -26.2929)

[node name="coin31" parent="World" instance=ExtResource("10_fwhys")]
transform = Transform3D(1, 0, 0, 0, 1, 0, 0, 0, 1, -17.2964, 12.8066, -28.028)

[node name="coin32" parent="World" instance=ExtResource("10_fwhys")]
transform = Transform3D(1, 0, 0, 0, 1, 0, 0, 0, 1, -19.4492, 13.4032, -29.5272)

[node name="coin38" parent="World" instance=ExtResource("10_fwhys")]
transform = Transform3D(1, 0, 0, 0, 1, 0, 0, 0, 1, -20.4968, 13.4032, -29.5272)

[node name="coin39" parent="World" instance=ExtResource("10_fwhys")]
transform = Transform3D(1, 0, 0, 0, 1, 0, 0, 0, 1, -20.4968, 13.4032, -30.1712)

[node name="coin40" parent="World" instance=ExtResource("10_fwhys")]
transform = Transform3D(1, 0, 0, 0, 1, 0, 0, 0, 1, -20.4968, 13.4032, -30.9176)

[node name="coin33" parent="World" instance=ExtResource("10_fwhys")]
transform = Transform3D(1, 0, 0, 0, 1, 0, 0, 0, 1, -19.4492, 13.4032, -30.1426)

[node name="coin34" parent="World" instance=ExtResource("10_fwhys")]
transform = Transform3D(1, 0, 0, 0, 1, 0, 0, 0, 1, -19.4492, 13.4032, -30.8398)

[node name="coin35" parent="World" instance=ExtResource("10_fwhys")]
transform = Transform3D(1, 0, 0, 0, 1, 0, 0, 0, 1, -18.6194, 13.4032, -30.8398)

[node name="coin36" parent="World" instance=ExtResource("10_fwhys")]
transform = Transform3D(1, 0, 0, 0, 1, 0, 0, 0, 1, -18.6194, 13.4032, -29.9773)

[node name="coin37" parent="World" instance=ExtResource("10_fwhys")]
transform = Transform3D(1, 0, 0, 0, 1, 0, 0, 0, 1, -18.6194, 13.4032, -29.3199)

[node name="coin24" parent="World" instance=ExtResource("10_fwhys")]
transform = Transform3D(1, 0, 0, 0, 1, 0, 0, 0, 1, -2.80761, 9.50808, -13.7727)

[node name="coin16" parent="World" instance=ExtResource("10_fwhys")]
transform = Transform3D(1, 0, 0, 0, 1, 0, 0, 0, 1, -10.5783, 4.9872, -5.6021)

[node name="cube8" parent="World" instance=ExtResource("13_drtpy")]
transform = Transform3D(1, 0, 0, 0, 1, 0, 0, 0, 1, 1.5495, 1.10741, -2.666)

[node name="cube9" parent="World" instance=ExtResource("13_drtpy")]
transform = Transform3D(1.27593, -0.401864, 0.422933, 0.471408, 1.30937, -0.178025, -0.343721, 0.304009, 1.32582, 3.33538, 1.37146, -4.1932)

[node name="cube16" parent="World" instance=ExtResource("13_drtpy")]
transform = Transform3D(1, 0, 0, 0, 1, 0, 0, 0, 1, 1.5495, 11.6935, -11.307)

[node name="cube17" parent="World" instance=ExtResource("13_drtpy")]
transform = Transform3D(1.27593, -0.401864, 0.422933, 0.471408, 1.30937, -0.178025, -0.343721, 0.304009, 1.32582, 3.33538, 11.9576, -12.8342)

[node name="cube18" parent="World" instance=ExtResource("13_drtpy")]
transform = Transform3D(1, 0, 0, 0, 1, 0, 0, 0, 1, -35.2893, 11.6935, -11.307)

[node name="cube19" parent="World" instance=ExtResource("13_drtpy")]
transform = Transform3D(1.27593, -0.401864, 0.422933, 0.471408, 1.30937, -0.178025, -0.343721, 0.304009, 1.32582, -33.5034, 11.9576, -12.8342)

[node name="cube20" parent="World" instance=ExtResource("13_drtpy")]
transform = Transform3D(1, 0, 0, 0, 1, 0, 0, 0, 1, -26.7515, 11.6935, -17.5568)

[node name="cube21" parent="World" instance=ExtResource("13_drtpy")]
transform = Transform3D(1.27593, -0.401864, 0.422933, 0.471408, 1.30937, -0.178025, -0.343721, 0.304009, 1.32582, -24.9657, 11.9576, -19.084)

[node name="cube22" parent="World" instance=ExtResource("13_drtpy")]
transform = Transform3D(1, 0, 0, 0, 1, 0, 0, 0, 1, -12.3266, 11.6935, -25.1463)

[node name="cube23" parent="World" instance=ExtResource("13_drtpy")]
transform = Transform3D(1.27593, -0.401864, 0.422933, 0.471408, 1.30937, -0.178025, -0.343721, 0.304009, 1.32582, -10.5407, 11.9576, -26.6735)

[node name="cube24" parent="World" instance=ExtResource("13_drtpy")]
transform = Transform3D(1, 0, 0, 0, 1, 0, 0, 0, 1, -28.3808, 11.6935, -31.9712)

[node name="cube25" parent="World" instance=ExtResource("13_drtpy")]
transform = Transform3D(1.27593, -0.401864, 0.422933, 0.471408, 1.30937, -0.178025, -0.343721, 0.304009, 1.32582, -26.5949, 11.9576, -33.4984)

[node name="cube10" parent="World" instance=ExtResource("13_drtpy")]
transform = Transform3D(1.32811, 0.370441, 0.259369, -0.293866, 1.3186, -0.37854, -0.34372, 0.30401, 1.32582, -10.5752, 2.03819, -7.93707)

[node name="cube11" parent="World" instance=ExtResource("13_drtpy")]
transform = Transform3D(0.476646, 0.924607, 0.941422, -0.929853, 0.945559, -0.457882, -0.93624, -0.468385, 0.934042, -9.46754, 2.03819, 11.5094)

[node name="cube12" parent="World" instance=ExtResource("13_drtpy")]
transform = Transform3D(-1.02876, -0.695523, 0.652886, -0.929853, 0.945557, -0.457881, -0.213027, -0.768461, -1.15432, -9.20183, 2.79508, 13.7432)

[node name="cube13" parent="World" instance=ExtResource("13_drtpy")]
transform = Transform3D(1.56209, -1.37982, 1.71508, 1.97375, 1.80907, -0.342241, -0.974547, 1.4522, 2.05595, -14.3045, 2.03819, -8.24191)

[node name="cube15" parent="World" instance=ExtResource("13_drtpy")]
transform = Transform3D(1.56209, -1.37982, 1.71508, 1.97375, 1.80907, -0.342241, -0.974547, 1.4522, 2.05595, -1.70574, 2.03819, -8.24191)

[node name="cube14" parent="World" instance=ExtResource("13_drtpy")]
transform = Transform3D(1.56209, -1.37982, 1.71508, 1.97375, 1.80907, -0.342241, -0.974547, 1.4522, 2.05595, -14.152, 2.03819, 10.0652)

[node name="cube26" parent="World" instance=ExtResource("13_drtpy")]
transform = Transform3D(1.56209, -1.37982, 1.71508, 1.97375, 1.80907, -0.342241, -0.974547, 1.4522, 2.05595, -14.152, 2.03819, -20.2079)

[node name="cube27" parent="World" instance=ExtResource("13_drtpy")]
transform = Transform3D(1.56209, -1.37982, 1.71508, 1.97375, 1.80907, -0.342241, -0.974547, 1.4522, 2.05595, -8.13186, 6.91847, -26.9942)

[node name="cube28" parent="World" instance=ExtResource("13_drtpy")]
transform = Transform3D(1.56209, -1.37982, 1.71508, 1.97375, 1.80907, -0.342241, -0.974547, 1.4522, 2.05595, -23.14, 6.91847, -6.7243)

[node name="cube29" parent="World" instance=ExtResource("13_drtpy")]
transform = Transform3D(1.56209, -1.37982, 1.71508, 1.97375, 1.80907, -0.342241, -0.974547, 1.4522, 2.05595, 0.679752, 6.91847, 5.71245)

[node name="brick" parent="World" instance=ExtResource("12_jkv2x")]
transform = Transform3D(1, 0, 0, 0, 1, 0, 0, 0, 1, -3.11913, 1.98572, -0.0886177)

[node name="brick4" parent="World" instance=ExtResource("12_jkv2x")]
transform = Transform3D(1, 0, 0, 0, 1, 0, 0, 0, 1, -11.268, 5.86021, -6.3875)

[node name="brick5" parent="World" instance=ExtResource("12_jkv2x")]
transform = Transform3D(1, 0, 0, 0, 1, 0, 0, 0, 1, -12.512, 10.7237, -14.4238)

[node name="brick2" parent="World" instance=ExtResource("12_jkv2x")]
transform = Transform3D(0.855265, 0, -0.518191, 0, 1, 0, 0.518191, 0, 0.855265, -6.76351, 3.21501, -2.01957)

[node name="brick3" parent="World" instance=ExtResource("12_jkv2x")]
transform = Transform3D(0.939082, 0, 0.343692, 0, 1, 0, -0.343692, 0, 0.939082, -19.034, 3.21501, 2.86945)

[node name="Sun" type="DirectionalLight3D" parent="."]
transform = Transform3D(-0.422618, -0.694272, 0.582563, 0, 0.642788, 0.766044, -0.906308, 0.323744, -0.271654, 0, 0, 0)
shadow_enabled = true
shadow_opacity = 0.75

[node name="HUD" type="Control" parent="."]
layout_mode = 3
anchors_preset = 13
anchor_left = 0.5
anchor_right = 0.5
anchor_bottom = 1.0
offset_left = -640.0
offset_right = 640.0
grow_horizontal = 2
grow_vertical = 2
size_flags_horizontal = 8
size_flags_vertical = 8
script = ExtResource("11_apvpm")

[node name="Icon" type="TextureRect" parent="HUD"]
layout_mode = 0
offset_left = 57.0
offset_top = 67.0
offset_right = 313.0
offset_bottom = 323.0
scale = Vector2(0.2, 0.2)
texture = ExtResource("13_jfda3")

[node name="x" type="Label" parent="HUD"]
layout_mode = 0
offset_left = 112.0
offset_top = 64.0
offset_right = 144.0
offset_bottom = 123.0
text = "×"
label_settings = SubResource("LabelSettings_38ys3")
metadata/_edit_use_anchors_ = true

[node name="Coins" type="Label" parent="HUD"]
layout_mode = 0
offset_left = 144.0
offset_top = 64.0
offset_right = 368.0
offset_bottom = 123.0
text = "0"
label_settings = SubResource("LabelSettings_38ys3")
metadata/_edit_use_anchors_ = true

[connection signal="coin_collected" from="Player" to="HUD" method="_on_coin_collected"]
